{
    "radius": 0.75,
    "angular_speed": 9,
    "save_freq": 0.1,
    "pid_gains": {
        "pid_rate": {
            "roll_kp": "50.0",
            "roll_ki": "0.0",
            "roll_kd": "0.0",
            "pitch_kp": "50.0",
            "pitch_ki": "0.0",
            "pitch_kd": "0.0",
            "yaw_kp": "80.0",
            "yaw_ki": "0.0",
            "yaw_kd": "0.0"
        },
        "pid_attitude": {
            "roll_kp": "10.0",
            "roll_ki": "0.5",
            "roll_kd": "0.5",
            "pitch_kp": "13.0",
            "pitch_ki": "0.5",
            "pitch_kd": "1.5",
            "yaw_kp": "8.0",
            "yaw_ki": "0.5",
            "yaw_kd": "0.5"
        },
        "velCtlPid": {
            "vxKp": "15.0",
            "vxKi": "1.0",
            "vxKd": "0.0",
            "vyKp": "10.0",
            "vyKi": "1.0",
            "vyKd": "0.0",
            "vzKp": "12.5",
            "vzKi": "0.5",
            "vzKd": "0.0"
        },
        "posCtlPid": {
            "xKp": "1.5",
            "xKi": "0.20000000298023224",
            "xKd": "0.20000000298023224",
            "yKp": "1.5",
            "yKi": "0.20000000298023224",
            "yKd": "0.20000000298023224",
            "zKp": "5.0",
            "zKi": "0.5",
            "zKd": "0.0"
        }
    },
    "pose": [
        [
            0.03302332305908203,
            0.131496826171875,
            0.2602350158691406,
            null,
            null,
            null,
            [
                [
                    0.9985063076019287,
                    0.052422698587179184,
                    0.01539532095193863
                ],
                [
                    -0.05158176273107529,
                    0.9973805546760559,
                    -0.050708040595054626
                ],
                [
                    -0.01801324635744095,
                    0.04983818158507347,
                    0.9985948801040649
                ]
            ]
        ],
        [
            0.03332666778564453,
            0.13135467529296874,
            0.2601683349609375,
            null,
            null,
            null,
            [
                [
                    0.9984205365180969,
                    0.054199039936065674,
                    0.014794990420341492
                ],
                [
                    -0.05336003750562668,
                    0.9972107410430908,
                    -0.052187006920576096
                ],
                [
                    -0.017582207918167114,
                    0.05131511762738228,
                    0.9985277056694031
                ]
            ]
        ],
        [
            0.03406593704223633,
            0.132300048828125,
            0.28142202758789064,
            null,
            null,
            null,
            [
                [
                    0.9988746047019958,
                    0.043534088879823685,
                    0.018823662772774696
                ],
                [
                    -0.04177561402320862,
                    0.9954676628112793,
                    -0.0854339748620987
                ],
                [
                    -0.022457638755440712,
                    0.08455145359039307,
                    0.9961659908294678
                ]
            ]
        ],
        [
            0.0306505126953125,
            0.13082228088378905,
            0.37586996459960936,
            null,
            null,
            null,
            [
                [
                    0.9969039559364319,
                    0.07076546549797058,
                    -0.03427427262067795
                ],
                [
                    -0.07470792531967163,
                    0.9883998036384583,
                    -0.1322292536497116
                ],
                [
                    0.0245194174349308,
                    0.13438042998313904,
                    0.9906263947486877
                ]
            ]
        ],
        [
            0.022091251373291015,
            0.12263652038574219,
            0.50003857421875,
            null,
            null,
            null,
            [
                [
                    0.9953766465187073,
                    0.08426597714424133,
                    -0.04609280824661255
                ],
                [
                    -0.09109260141849518,
                    0.9803716540336609,
                    -0.17485308647155762
                ],
                [
                    0.030453914776444435,
                    0.17824339866638184,
                    0.9835150241851807
                ]
            ]
        ],
        [
            0.011055109024047851,
            0.10996968078613281,
            0.6324031372070312,
            null,
            null,
            null,
            [
                [
                    0.9971900582313538,
                    0.06729371845722198,
                    -0.03291695564985275
                ],
                [
                    -0.0714317038655281,
                    0.9865322709083557,
                    -0.14714492857456207
                ],
                [
                    0.022571710869669914,
                    0.14908276498317719,
                    0.988567054271698
                ]
            ]
        ],
        [
            0.005970479488372803,
            0.10011748504638672,
            0.6828819580078125,
            null,
            null,
            null,
            [
                [
                    0.9973090887069702,
                    0.06839389353990555,
                    -0.02639709785580635
                ],
                [
                    -0.07330954819917679,
                    0.927981972694397,
                    -0.36534246802330017
                ],
                [
                    -0.0004911616561003029,
                    0.3662945330142975,
                    0.9304988384246826
                ]
            ]
        ],
        [
            -0.002492138147354126,
            0.07007037353515624,
            0.9088472290039062,
            null,
            null,
            null,
            [
                [
                    0.9963017106056213,
                    0.07675358653068542,
                    0.038623906672000885
                ],
                [
                    -0.07213880866765976,
                    0.9913901090621948,
                    -0.10927764326334
                ],
                [
                    -0.0466788113117218,
                    0.10608722269535065,
                    0.9932605624198914
                ]
            ]
        ],
        [
            0.005037125110626221,
            0.05324429702758789,
            1.0413663330078125,
            null,
            null,
            null,
            [
                [
                    0.9929997324943542,
                    0.10349108278751373,
                    0.056930989027023315
                ],
                [
                    -0.09824969619512558,
                    0.9912430644035339,
                    -0.0882277637720108
                ],
                [
                    -0.06556323170661926,
                    0.08201669156551361,
                    0.994472086429596
                ]
            ]
        ],
        [
            0.017746198654174806,
            0.045359500885009764,
            1.142621826171875,
            null,
            null,
            null,
            [
                [
                    0.9951013326644897,
                    0.07865633815526962,
                    0.059887439012527466
                ],
                [
                    -0.07704681903123856,
                    0.9966134428977966,
                    -0.02873018942773342
                ],
                [
                    -0.06194443628191948,
                    0.0239753145724535,
                    0.997791588306427
                ]
            ]
        ],
        [
            0.03167584800720215,
            0.04403692245483398,
            1.1962479248046876,
            null,
            null,
            null,
            [
                [
                    0.993314266204834,
                    0.10911118984222412,
                    0.03770255669951439
                ],
                [
                    -0.10814883559942245,
                    0.9937763214111328,
                    -0.026691438630223274
                ],
                [
                    -0.040380243211984634,
                    0.022435499355196953,
                    0.9989324808120728
                ]
            ]
        ],
        [
            0.044383686065673826,
            0.04408119964599609,
            1.2047763671875,
            null,
            null,
            null,
            [
                [
                    0.9918587803840637,
                    0.12603585422039032,
                    0.01819700561463833
                ],
                [
                    -0.12476667761802673,
                    0.9904183149337769,
                    -0.05920141935348511
                ],
                [
                    -0.025484150275588036,
                    0.05644906684756279,
                    0.9980801939964294
                ]
            ]
        ],
        [
            0.05590725708007813,
            0.04433260345458984,
            1.183887939453125,
            null,
            null,
            null,
            [
                [
                    0.9881848692893982,
                    0.1532077193260193,
                    0.004250966012477875
                ],
                [
                    -0.15234534442424774,
                    0.9849032759666443,
                    -0.08219727873802185
                ],
                [
                    -0.016780046746134758,
                    0.08057849109172821,
                    0.9966070055961609
                ]
            ]
        ],
        [
            0.06584273529052734,
            0.04699679946899414,
            1.1501407470703124,
            null,
            null,
            null,
            [
                [
                    0.9876768589019775,
                    0.1516267955303192,
                    -0.03877774626016617
                ],
                [
                    -0.15495933592319489,
                    0.9821752309799194,
                    -0.106393001973629
                ],
                [
                    0.021954510360956192,
                    0.11109088361263275,
                    0.993567705154419
                ]
            ]
        ],
        [
            0.07391423034667968,
            0.043566707611083985,
            1.126629150390625,
            null,
            null,
            null,
            [
                [
                    0.9866892099380493,
                    0.15083999931812286,
                    -0.060759782791137695
                ],
                [
                    -0.15924151241779327,
                    0.9719665050506592,
                    -0.1729835569858551
                ],
                [
                    0.03296362981200218,
                    0.1803564876317978,
                    0.9830487966537476
                ]
            ]
        ],
        [
            0.08228827667236328,
            0.03445462799072266,
            1.1061343994140624,
            null,
            null,
            null,
            [
                [
                    0.9852953553199768,
                    0.1592240333557129,
                    -0.061974264681339264
                ],
                [
                    -0.16551074385643005,
                    0.9794986248016357,
                    -0.11484196037054062
                ],
                [
                    0.04241810739040375,
                    0.1234106495976448,
                    0.991448700428009
                ]
            ]
        ],
        [
            0.0866990737915039,
            0.02610307502746582,
            1.099038818359375,
            null,
            null,
            null,
            [
                [
                    0.9856734275817871,
                    0.15913993120193481,
                    -0.05587837100028992
                ],
                [
                    -0.16480514407157898,
                    0.9791965484619141,
                    -0.11837796866893768
                ],
                [
                    0.03587724640965462,
                    0.1258910596370697,
                    0.991395115852356
                ]
            ]
        ],
        [
            0.09129787445068359,
            0.01344468116760254,
            1.1000523681640626,
            null,
            null,
            null,
            [
                [
                    0.985145628452301,
                    0.1677895486354828,
                    -0.036535102874040604
                ],
                [
                    -0.1709052175283432,
                    0.9787323474884033,
                    -0.11346537619829178
                ],
                [
                    0.01671978272497654,
                    0.11802395433187485,
                    0.9928699731826782
                ]
            ]
        ],
        [
            0.09683490753173828,
            0.007229389190673828,
            1.1037547607421876,
            null,
            null,
            null,
            [
                [
                    0.9911590218544006,
                    0.1290615200996399,
                    -0.030771328136324883
                ],
                [
                    -0.1310950666666031,
                    0.9883542060852051,
                    -0.0772659033536911
                ],
                [
                    0.02044091746211052,
                    0.0806167721748352,
                    0.9965355396270752
                ]
            ]
        ],
        [
            0.10026113891601562,
            0.0007010560631752014,
            1.1095015869140625,
            null,
            null,
            null,
            [
                [
                    0.9814342856407166,
                    0.1840578317642212,
                    -0.05393921211361885
                ],
                [
                    -0.1886991709470749,
                    0.9769585132598877,
                    -0.09972289949655533
                ],
                [
                    0.03434159234166145,
                    0.10804975777864456,
                    0.9935521483421326
                ]
            ]
        ],
        [
            0.10663777923583985,
            -0.008324366569519043,
            1.112701171875,
            null,
            null,
            null,
            [
                [
                    0.9808892607688904,
                    0.1898084580898285,
                    -0.04276728630065918
                ],
                [
                    -0.19322092831134796,
                    0.9760904312133789,
                    -0.0995645672082901
                ],
                [
                    0.022846542298793793,
                    0.10592534393072128,
                    0.9941115975379944
                ]
            ]
        ],
        [
            0.11019506072998046,
            -0.01196024227142334,
            1.1137891845703125,
            null,
            null,
            null,
            [
                [
                    0.9852338433265686,
                    0.16429807245731354,
                    -0.048171158879995346
                ],
                [
                    -0.16746003925800323,
                    0.9832994937896729,
                    -0.07126855105161667
                ],
                [
                    0.03565739095211029,
                    0.078282929956913,
                    0.996293306350708
                ]
            ]
        ],
        [
            0.11119943237304687,
            -0.014958285331726074,
            1.110728759765625,
            null,
            null,
            null,
            [
                [
                    0.9816185832023621,
                    0.17687134444713593,
                    -0.07170430570840836
                ],
                [
                    -0.18348172307014465,
                    0.9779767990112305,
                    -0.09947799146175385
                ],
                [
                    0.05253034085035324,
                    0.11080586910247803,
                    0.99245285987854
                ]
            ]
        ],
        [
            0.112173828125,
            -0.021538995742797853,
            1.106474609375,
            null,
            null,
            null,
            [
                [
                    0.9844570159912109,
                    0.15723560750484467,
                    -0.07823918759822845
                ],
                [
                    -0.16520904004573822,
                    0.9802384972572327,
                    -0.10880491882562637
                ],
                [
                    0.059585053473711014,
                    0.12003958225250244,
                    0.9909793734550476
                ]
            ]
        ],
        [
            0.11243050384521484,
            -0.025033987045288086,
            1.1022913818359374,
            null,
            null,
            null,
            [
                [
                    0.9849651455879211,
                    0.16129134595394135,
                    -0.06187687814235687
                ],
                [
                    -0.16617467999458313,
                    0.9824979901313782,
                    -0.0841648206114769
                ],
                [
                    0.04721885174512863,
                    0.0931817889213562,
                    0.9945287704467773
                ]
            ]
        ],
        [
            0.1107797622680664,
            -0.030824478149414063,
            1.09890869140625,
            null,
            null,
            null,
            [
                [
                    0.9796472191810608,
                    0.18740396201610565,
                    -0.07191038876771927
                ],
                [
                    -0.1951305866241455,
                    0.9731285572052002,
                    -0.12224913388490677
                ],
                [
                    0.04706808179616928,
                    0.1337929368019104,
                    0.9898909330368042
                ]
            ]
        ],
        [
            0.1107386474609375,
            -0.04014545440673828,
            1.0970712890625,
            null,
            null,
            null,
            [
                [
                    0.9774978160858154,
                    0.20153449475765228,
                    -0.06230490282177925
                ],
                [
                    -0.206739604473114,
                    0.9739539623260498,
                    -0.09312567114830017
                ],
                [
                    0.04191407188773155,
                    0.10391103476285934,
                    0.9937030076980591
                ]
            ]
        ],
        [
            0.10800366973876953,
            -0.046887989044189456,
            1.09553271484375,
            null,
            null,
            null,
            [
                [
                    0.9827135801315308,
                    0.1664755791425705,
                    -0.08099298924207687
                ],
                [
                    -0.17294663190841675,
                    0.9816132187843323,
                    -0.080777108669281
                ],
                [
                    0.06605637818574905,
                    0.09338822215795517,
                    0.9934360384941101
                ]
            ]
        ],
        [
            0.10505680847167968,
            -0.05560832595825195,
            1.095278076171875,
            null,
            null,
            null,
            [
                [
                    0.9737659096717834,
                    0.20943179726600647,
                    -0.088984414935112
                ],
                [
                    -0.2184060961008072,
                    0.9699545502662659,
                    -0.10717706382274628
                ],
                [
                    0.06386455148458481,
                    0.12380010634660721,
                    0.9902498722076416
                ]
            ]
        ],
        [
            0.10309880828857422,
            -0.06618781280517579,
            1.093690673828125,
            null,
            null,
            null,
            [
                [
                    0.9760046005249023,
                    0.20435045659542084,
                    -0.07520589232444763
                ],
                [
                    -0.2096312940120697,
                    0.975224494934082,
                    -0.07065320760011673
                ],
                [
                    0.05890461057424545,
                    0.08472336083650589,
                    0.9946618676185608
                ]
            ]
        ],
        [
            0.09526295471191407,
            -0.0733948974609375,
            1.0929625244140626,
            null,
            null,
            null,
            [
                [
                    0.9751309752464294,
                    0.19074229896068573,
                    -0.1128583773970604
                ],
                [
                    -0.19941408932209015,
                    0.9773237109184265,
                    -0.07122093439102173
                ],
                [
                    0.0967143252491951,
                    0.0919552817940712,
                    0.9910552501678467
                ]
            ]
        ],
        [
            0.08658990478515625,
            -0.0828203125,
            1.0941961669921876,
            null,
            null,
            null,
            [
                [
                    0.9712661504745483,
                    0.21365562081336975,
                    -0.10484928637742996
                ],
                [
                    -0.22162605822086334,
                    0.9725236892700195,
                    -0.07127131521701813
                ],
                [
                    0.0867408961057663,
                    0.0924607440829277,
                    0.9919309616088867
                ]
            ]
        ],
        [
            0.07527448272705078,
            -0.08587273406982422,
            1.094763916015625,
            null,
            null,
            null,
            [
                [
                    0.9737859964370728,
                    0.2012929469347,
                    -0.1059340313076973
                ],
                [
                    -0.20613813400268555,
                    0.9778285026550293,
                    -0.03685734048485756
                ],
                [
                    0.09616619348526001,
                    0.057728204876184464,
                    0.9936898350715637
                ]
            ]
        ],
        [
            0.06056902313232422,
            -0.087755615234375,
            1.0943546142578124,
            null,
            null,
            null,
            [
                [
                    0.9732055068016052,
                    0.20595471560955048,
                    -0.10224343091249466
                ],
                [
                    -0.2127452790737152,
                    0.9752292037010193,
                    -0.06055962294340134
                ],
                [
                    0.08723823726177216,
                    0.08068875968456268,
                    0.9929143190383911
                ]
            ]
        ],
        [
            0.04859957122802734,
            -0.09223165130615234,
            1.09504248046875,
            null,
            null,
            null,
            [
                [
                    0.9739701747894287,
                    0.20816180109977722,
                    -0.08972612768411636
                ],
                [
                    -0.21532808244228363,
                    0.9733161330223083,
                    -0.0793066993355751
                ],
                [
                    0.07082325965166092,
                    0.09656291455030441,
                    0.9928039312362671
                ]
            ]
        ],
        [
            0.04134531021118164,
            -0.09215454864501953,
            1.0950404052734375,
            null,
            null,
            null,
            [
                [
                    0.9653105735778809,
                    0.2540918290615082,
                    -0.06010698527097702
                ],
                [
                    -0.25713348388671875,
                    0.9650936722755432,
                    -0.04976517707109451
                ],
                [
                    0.04536394774913788,
                    0.06349436938762665,
                    0.996950626373291
                ]
            ]
        ],
        [
            0.03588106536865234,
            -0.09295223236083984,
            1.0931451416015625,
            null,
            null,
            null,
            [
                [
                    0.9620062708854675,
                    0.2612625062465668,
                    -0.0792834460735321
                ],
                [
                    -0.26597490906715393,
                    0.9623491168022156,
                    -0.05604920536279678
                ],
                [
                    0.06165480241179466,
                    0.07500709593296051,
                    0.9952751398086548
                ]
            ]
        ],
        [
            0.03746318817138672,
            -0.09540660858154297,
            1.0904189453125,
            null,
            null,
            null,
            [
                [
                    0.9542946815490723,
                    0.29119035601615906,
                    -0.06730381399393082
                ],
                [
                    -0.29565685987472534,
                    0.9527134895324707,
                    -0.07017145305871964
                ],
                [
                    0.04368800297379494,
                    0.08686307817697525,
                    0.9952618479728699
                ]
            ]
        ],
        [
            0.04585784912109375,
            -0.09654463195800782,
            1.085668701171875,
            null,
            null,
            null,
            [
                [
                    0.9601497650146484,
                    0.27316784858703613,
                    -0.05909116938710213
                ],
                [
                    -0.27544450759887695,
                    0.9606994390487671,
                    -0.03445149585604668
                ],
                [
                    0.04735781252384186,
                    0.04935493320226669,
                    0.9976578950881958
                ]
            ]
        ],
        [
            0.04970097351074219,
            -0.09472900390625,
            1.080556640625,
            null,
            null,
            null,
            [
                [
                    0.9653745889663696,
                    0.24034053087234497,
                    -0.10143154114484787
                ],
                [
                    -0.24538950622081757,
                    0.9685799479484558,
                    -0.04045857861638069
                ],
                [
                    0.08852071315050125,
                    0.06394792348146439,
                    0.9940195083618164
                ]
            ]
        ],
        [
            0.05347176742553711,
            -0.09206954956054687,
            1.0787879638671876,
            null,
            null,
            null,
            [
                [
                    0.948370099067688,
                    0.28457796573638916,
                    -0.14003407955169678
                ],
                [
                    -0.2940624952316284,
                    0.9543682336807251,
                    -0.052043747156858444
                ],
                [
                    0.11883356422185898,
                    0.09053549915552139,
                    0.9887779951095581
                ]
            ]
        ],
        [
            0.05463164138793945,
            -0.0908545150756836,
            1.07781591796875,
            null,
            null,
            null,
            [
                [
                    0.9564947485923767,
                    0.25232526659965515,
                    -0.1464572548866272
                ],
                [
                    -0.2615000605583191,
                    0.9640644192695618,
                    -0.04687784984707832
                ],
                [
                    0.12936575710773468,
                    0.08313699811697006,
                    0.9881056547164917
                ]
            ]
        ],
        [
            0.04643414306640625,
            -0.08549183654785156,
            1.0752864990234374,
            null,
            null,
            null,
            [
                [
                    0.9590485095977783,
                    0.21442122757434845,
                    -0.1850661039352417
                ],
                [
                    -0.22685277462005615,
                    0.9727163910865784,
                    -0.048586826771497726
                ],
                [
                    0.169598788022995,
                    0.08857988566160202,
                    0.9815242290496826
                ]
            ]
        ],
        [
            0.034208511352539064,
            -0.07778573608398437,
            1.0733909912109374,
            null,
            null,
            null,
            [
                [
                    0.9520998001098633,
                    0.2318073809146881,
                    -0.19942736625671387
                ],
                [
                    -0.24574556946754456,
                    0.9681508541107178,
                    -0.04788614809513092
                ],
                [
                    0.18197540938854218,
                    0.09460078924894333,
                    0.9787418842315674
                ]
            ]
        ],
        [
            0.018268136978149413,
            -0.06996319580078125,
            1.071405517578125,
            null,
            null,
            null,
            [
                [
                    0.9731520414352417,
                    0.17665016651153564,
                    -0.14754615724086761
                ],
                [
                    -0.18182595074176788,
                    0.9830788969993591,
                    -0.022252226248383522
                ],
                [
                    0.14111866056919098,
                    0.04848251864314079,
                    0.988804817199707
                ]
            ]
        ],
        [
            -0.002041034460067749,
            -0.05567733764648437,
            1.071161865234375,
            null,
            null,
            null,
            [
                [
                    0.9839617609977722,
                    0.12730075418949127,
                    -0.12495499849319458
                ],
                [
                    -0.1315273940563202,
                    0.9909676909446716,
                    -0.02614539861679077
                ],
                [
                    0.12049803882837296,
                    0.04216107726097107,
                    0.991817831993103
                ]
            ]
        ],
        [
            -0.023897674560546874,
            -0.04156076812744141,
            1.0735125732421875,
            null,
            null,
            null,
            [
                [
                    0.9915713667869568,
                    0.0982961356639862,
                    -0.08440424501895905
                ],
                [
                    -0.10480300337076187,
                    0.9915487766265869,
                    -0.07646825909614563
                ],
                [
                    0.07617439329624176,
                    0.0846695601940155,
                    0.9934930801391602
                ]
            ]
        ],
        [
            -0.040655784606933594,
            -0.024692272186279295,
            1.0766951904296875,
            null,
            null,
            null,
            [
                [
                    0.9951844215393066,
                    0.08790069073438644,
                    -0.04337558150291443
                ],
                [
                    -0.09070608764886856,
                    0.9935795068740845,
                    -0.06761766970157623
                ],
                [
                    0.0371534489095211,
                    0.07122648507356644,
                    0.9967679977416992
                ]
            ]
        ],
        [
            -0.051555694580078124,
            -0.009033182144165038,
            1.0779661865234376,
            null,
            null,
            null,
            [
                [
                    0.9947907328605652,
                    0.10030738264322281,
                    -0.018161369487643242
                ],
                [
                    -0.10160310566425323,
                    0.9900921583175659,
                    -0.09692418575286865
                ],
                [
                    0.00825921818614006,
                    0.09826453775167465,
                    0.9951260685920715
                ]
            ]
        ],
        [
            -0.0554537467956543,
            0.0012659130096435546,
            1.0762554931640624,
            null,
            null,
            null,
            [
                [
                    0.9953763484954834,
                    0.09595653414726257,
                    -0.0042763142846524715
                ],
                [
                    -0.09585773944854736,
                    0.9895521998405457,
                    -0.10769294202327728
                ],
                [
                    -0.006102204788476229,
                    0.10760492831468582,
                    0.9941750168800354
                ]
            ]
        ],
        [
            -0.042007217407226564,
            0.020192718505859374,
            1.0602440185546875,
            null,
            null,
            null,
            [
                [
                    0.9986158609390259,
                    -0.043248023837804794,
                    0.029933303594589233
                ],
                [
                    0.04440906643867493,
                    0.9982410669326782,
                    -0.0392753928899765
                ],
                [
                    -0.028182070702314377,
                    0.040550339967012405,
                    0.9987799525260925
                ]
            ]
        ],
        [
            -0.013792918205261231,
            0.0560225830078125,
            0.9978812866210938,
            null,
            null,
            null,
            [
                [
                    0.9429349899291992,
                    -0.2047780156135559,
                    0.26256340742111206
                ],
                [
                    0.1713845580816269,
                    0.9745388031005859,
                    0.14457319676876068
                ],
                [
                    -0.2854836583137512,
                    -0.09132382273674011,
                    0.9540225863456726
                ]
            ]
        ],
        [
            0.027501491546630858,
            0.10057511138916016,
            0.9098076782226563,
            null,
            null,
            null,
            [
                [
                    0.7949637174606323,
                    -0.4457445740699768,
                    0.4115147888660431
                ],
                [
                    0.3630185127258301,
                    0.8930050730705261,
                    0.2660065293312073
                ],
                [
                    -0.48605576157569885,
                    -0.06207805499434471,
                    0.8717201948165894
                ]
            ]
        ],
        [
            0.08769794464111329,
            0.16190220642089845,
            0.82004296875,
            null,
            null,
            null,
            [
                [
                    0.6774956583976746,
                    -0.6238577961921692,
                    0.3896165192127228
                ],
                [
                    0.553888738155365,
                    0.7812607884407043,
                    0.28781741857528687
                ],
                [
                    -0.4839492440223694,
                    0.020809149369597435,
                    0.8748486042022705
                ]
            ]
        ],
        [
            0.16122836303710938,
            0.23435304260253906,
            0.7617151489257813,
            null,
            null,
            null,
            [
                [
                    0.42035531997680664,
                    -0.8789713978767395,
                    0.22519028186798096
                ],
                [
                    0.8513903021812439,
                    0.46790191531181335,
                    0.23707042634487152
                ],
                [
                    -0.31374508142471313,
                    0.09207099676132202,
                    0.9450327754020691
                ]
            ]
        ],
        [
            0.2200753631591797,
            0.3158557434082031,
            0.7545932006835937,
            null,
            null,
            null,
            [
                [
                    -0.015008790418505669,
                    -0.9988309144973755,
                    -0.04595121368765831
                ],
                [
                    0.9782535433769226,
                    -0.02417656034231186,
                    0.20599877834320068
                ],
                [
                    -0.20686888694763184,
                    -0.041860148310661316,
                    0.9774727821350098
                ]
            ]
        ],
        [
            0.2458309326171875,
            0.3926040954589844,
            0.7787354736328125,
            null,
            null,
            null,
            [
                [
                    -0.5092796087265015,
                    -0.7821307182312012,
                    -0.35903459787368774
                ],
                [
                    0.8125263452529907,
                    -0.5744728446006775,
                    0.09890337288379669
                ],
                [
                    -0.283610999584198,
                    -0.24135559797286987,
                    0.9280691146850586
                ]
            ]
        ],
        [
            0.23516593933105467,
            0.43627203369140627,
            0.7957569580078125,
            null,
            null,
